2 2 1 0.365947
2 12 1 0.384785
2 22 1 0.362574
2 32 1 0.396148
2 42 1 0.439072
2 52 1 0.469974
2 62 1 0.446896
2 72 1 0.452397
2 82 1 0.477001
2 92 1 0.534692
2 102 1 0.473769
2 112 1 0.479265
2 122 1 0.515441
2 132 1 0.457088
3 2 1 0.348493
3 12 109 10.3433
3 22 76 7.16804
3 32 261 23.6619
3 42 284 26.3578
3 52 147 13.5471
3 62 110 10.3773
3 72 61 6.05469
3 82 40 4.12006
3 92 53 5.29539
3 102 84 8.35424
3 112 64 6.47109
3 122 92 9.10027
3 132 149 14.5214
4 2 1 0.202518
4 12 62 6.00192
4 22 44 4.26682
4 32 60 6.04764
4 42 91 8.41926
4 52 73 6.88617
4 62 323 30.1837
4 72 180 16.8835
4 82 138 12.9294
4 92 70 7.34389
4 102 179 17.7372
4 112 265 25.802
4 122 123 12.5451
4 132 167 16.5866
5 2 1 0.291411
5 12 43 4.36502
5 22 74 7.112
5 32 70 6.5643
5 42 85 7.98316
5 52 77 7.17795
5 62 69 6.71364
5 72 196 19.0561
5 82 195 19.5434
5 92 181 16.993
5 102 535 49.4461
5 112 92 9.04752
5 122 360 33.4393
5 132 321 28.9906
6 2 1 0.199173
6 12 42 3.93059
6 22 82 7.86085
6 32 112 11.056
6 42 111 11.1429
6 52 120 11.6389
6 62 81 7.75131
6 72 303 29.0381
6 82 118 11.422
6 92 95 10.2548
6 102 190 18.3107
6 112 284 28.3067
6 122 118 11.9636
6 132 117 11.2308
7 2 1 0.195265
7 12 37 3.77511
7 22 70 6.99
7 32 105 10.1054
7 42 145 13.3014
7 52 66 6.35988
7 62 199 18.8146
7 72 139 12.5822
7 82 160 15.2075
7 92 123 11.8901
7 102 125 12.3651
7 112 939 86.771
