7 2 1 0.337601
7 12 37 4.09379
7 22 70 6.64511
7 32 105 9.77304
7 42 145 13.2136
7 52 66 6.49717
7 62 199 18.6473
7 72 139 13.0337
7 82 160 15.2554
7 92 123 12.0298
7 102 125 12.5387
7 112 939 86.3103
7 122 591 55.4107
7 132 369 34.0172
8 2 1 0.217311
8 12 36 3.86356
8 22 43 4.74471
8 32 129 12.5447
8 42 220 20.3419
8 52 80 7.76958
8 62 158 14.4614
8 72 203 18.2904
8 82 124 11.9281
8 92 167 16.431
8 102 152 14.7435
8 112 520 48.9655
8 122 335 31.6056
8 132 200 18.8898
9 2 1 0.194878
9 12 43 4.47442
9 22 82 7.61262
9 32 44 4.11461
9 42 53 5.40585
9 52 201 18.9896
9 62 91 8.19866
9 72 112 10.387
9 82 300 27.8324
9 92 169 16.3521
9 102 91 8.67879
9 112 165 16.2115
9 122 192 18.3722
9 132 72 6.79227
10 2 1 0.19252
10 12 36 3.71928
10 22 97 9.61399
10 32 101 9.9027
10 42 82 7.91093
10 52 56 5.54202
10 62 77 7.52504
10 72 110 10.4837
10 82 140 13.3579
10 92 173 16.1589
10 102 215 20.6433
10 112 222 21.576
10 122 129 12.5835
10 132 93 9.06227
